0.000000 200.000000
0.000000 209.993518
0.000000 219.997843
0.000000 229.999691
0.000000 239.998951
0.000000 249.995510
0.000000 259.989255
0.000000 269.980075
0.000000 279.967855
0.000000 289.952485
0.000000 299.967229
0.000000 309.978574
0.012418 319.986407
0.013678 329.990614
0.014948 339.991083
0.018448 349.987699
0.021116 359.980351
0.028748 369.968923
0.044622 379.953305
0.051582 389.966640
0.056930 399.975528
0.067024 409.979855
0.078028 419.979505
0.094194 429.974365
0.117797 439.964320
0.148588 449.949258
0.176193 459.962211
0.204096 469.969883
0.226861 479.972159
0.253468 489.968924
0.275727 499.960063
0.301224 509.945462
0.335233 519.958041
0.364502 529.964611
0.391100 539.965056
0.431132 549.959260
0.444826 559.947107
0.459496 569.961414
0.467989 579.969090
0.469255 589.970019
0.481102 599.964084
0.494394 609.951169
0.502931 619.963975
0.509724 629.969520
0.525927 639.967689
0.539181 649.958362
0.548930 659.974143
0.562043 669.982145
0.565328 679.982249
0.567046 689.974337
0.576671 699.958293
0.578608 709.966584
0.585428 719.966452
0.593304 729.957777
0.592062 739.972944
0.600030 749.979275
0.591096 759.976649
0.582556 769.964947
0.573470 779.976434
0.567433 789.978547
0.573891 799.971163
0.565038 809.986456
0.565031 819.991950
0.550385 829.987524
0.539679 839.973057
0.519845 849.980590
0.477827 859.977774
0.387249 869.964487
0.269095 879.972667
0.194541 889.970064
0.160526 899.956554
0.136602 909.963971
0.103583 919.960166
0.051549 929.945014
0.014637 939.950239
0.003583 949.943797
0.003550 959.957334
0.003546 969.958880
0.007351 979.948311
0.007450 989.957154
0.007292 999.953553
0.016777 1009.951125
0.012927 1019.973245
0.009282 1029.992398
0.008300 1040.008556
0.005454 1050.021689
0.004835 1060.031768
0.004139 1070.038764
0.003454 1080.042648
0.003323 1090.043390
0.000000 1100.040962
