0.300000 200.000000
0.300000 209.993518
0.300000 219.997843
0.300000 229.999691
0.300000 239.998951
0.300000 249.995510
0.300000 259.989255
0.300000 269.980075
0.300000 279.967855
0.300000 289.952485
0.300000 299.967229
0.300000 309.978574
0.500000 319.986407
2.000000 329.990614
2.000000 339.991083
1.300000 349.987699
0.800000 359.980351
0.600000 369.968923
0.600000 379.953305
0.900000 389.966640
1.400000 399.975528
2.000000 409.979855
2.800000 419.979505
3.700000 429.974365
4.300000 439.964320
5.200000 449.949258
6.300000 459.962211
7.400000 469.969883
8.400000 479.972159
9.000000 489.968924
9.700000 499.960063
10.300000 509.945462
10.800000 519.958041
11.300000 529.964611
11.800000 539.965056
12.200000 549.959260
12.600000 559.947107
12.800000 569.961414
13.100000 579.969090
13.500000 589.970019
13.800000 599.964084
13.900000 609.951169
14.200000 619.963975
14.600000 629.969520
14.900000 639.967689
15.200000 649.958362
15.400000 659.974143
15.400000 669.982145
15.400000 679.982249
15.500000 689.974337
15.600000 699.958293
15.700000 709.966584
15.600000 719.966452
15.500000 729.957777
15.400000 739.972944
15.100000 749.979275
14.800000 759.976649
14.500000 769.964947
14.300000 779.976434
14.300000 789.978547
14.300000 799.971163
14.600000 809.986456
14.600000 819.991950
14.600000 829.987524
14.500000 839.973057
14.400000 849.980590
14.300000 859.977774
14.600000 869.964487
15.000000 879.972667
15.200000 889.970064
15.500000 899.956554
15.500000 909.963971
15.200000 919.960166
14.900000 929.945014
14.600000 939.950239
14.500000 949.943797
14.300000 959.957334
13.900000 969.958880
13.000000 979.948311
12.300000 989.957154
11.800000 999.953553
14.100000 1009.951125
13.400000 1019.973245
12.600000 1029.992398
11.800000 1040.008556
11.000000 1050.021689
10.000000 1060.031768
9.300000 1070.038764
8.300000 1080.042648
7.900000 1090.043390
7.400000 1100.040962
